133
C 32 3 3 3 2 2 0 0 1
C 32 32 3 3 1 1 0 0 1
C 64 32 3 3 1 1 1 1 1
C 80 64 1 1 1 1 0 0 1
C 192 80 3 3 1 1 0 0 1
C 256 192 3 3 2 2 0 0 1
C 32 256 1 1 1 1 0 0 1
C 32 256 1 1 1 1 0 0 1
C 32 32 3 3 1 1 1 1 1
C 32 256 1 1 1 1 0 0 1
C 32 32 3 3 1 1 1 1 1
C 32 32 3 3 1 1 1 1 1
C 256 96 1 1 1 1 0 0 1
C 32 256 1 1 1 1 0 0 1
C 32 256 1 1 1 1 0 0 1
C 32 32 3 3 1 1 1 1 1
C 32 256 1 1 1 1 0 0 1
C 32 32 3 3 1 1 1 1 1
C 32 32 3 3 1 1 1 1 1
C 256 96 1 1 1 1 0 0 1
C 32 256 1 1 1 1 0 0 1
C 32 256 1 1 1 1 0 0 1
C 32 32 3 3 1 1 1 1 1
C 32 256 1 1 1 1 0 0 1
C 32 32 3 3 1 1 1 1 1
C 32 32 3 3 1 1 1 1 1
C 256 96 1 1 1 1 0 0 1
C 32 256 1 1 1 1 0 0 1
C 32 256 1 1 1 1 0 0 1
C 32 32 3 3 1 1 1 1 1
C 32 256 1 1 1 1 0 0 1
C 32 32 3 3 1 1 1 1 1
C 32 32 3 3 1 1 1 1 1
C 256 96 1 1 1 1 0 0 1
C 32 256 1 1 1 1 0 0 1
C 32 256 1 1 1 1 0 0 1
C 32 32 3 3 1 1 1 1 1
C 32 256 1 1 1 1 0 0 1
C 32 32 3 3 1 1 1 1 1
C 32 32 3 3 1 1 1 1 1
C 256 96 1 1 1 1 0 0 1
C 384 256 3 3 2 2 0 0 1
C 192 256 1 1 1 1 0 0 1
C 192 192 3 3 1 1 1 1 1
C 256 192 3 3 2 2 0 0 1
C 128 896 1 1 1 1 0 0 1
C 128 896 1 1 1 1 0 0 1
C 128 128 1 7 1 1 0 3 1
C 128 128 7 1 1 1 3 0 1
C 896 256 1 1 1 1 0 0 1
C 128 896 1 1 1 1 0 0 1
C 128 896 1 1 1 1 0 0 1
C 128 128 1 7 1 1 0 3 1
C 128 128 7 1 1 1 3 0 1
C 896 256 1 1 1 1 0 0 1
C 128 896 1 1 1 1 0 0 1
C 128 896 1 1 1 1 0 0 1
C 128 128 1 7 1 1 0 3 1
C 128 128 7 1 1 1 3 0 1
C 896 256 1 1 1 1 0 0 1
C 128 896 1 1 1 1 0 0 1
C 128 896 1 1 1 1 0 0 1
C 128 128 1 7 1 1 0 3 1
C 128 128 7 1 1 1 3 0 1
C 896 256 1 1 1 1 0 0 1
C 128 896 1 1 1 1 0 0 1
C 128 896 1 1 1 1 0 0 1
C 128 128 1 7 1 1 0 3 1
C 128 128 7 1 1 1 3 0 1
C 896 256 1 1 1 1 0 0 1
C 128 896 1 1 1 1 0 0 1
C 128 896 1 1 1 1 0 0 1
C 128 128 1 7 1 1 0 3 1
C 128 128 7 1 1 1 3 0 1
C 896 256 1 1 1 1 0 0 1
C 128 896 1 1 1 1 0 0 1
C 128 896 1 1 1 1 0 0 1
C 128 128 1 7 1 1 0 3 1
C 128 128 7 1 1 1 3 0 1
C 896 256 1 1 1 1 0 0 1
C 128 896 1 1 1 1 0 0 1
C 128 896 1 1 1 1 0 0 1
C 128 128 1 7 1 1 0 3 1
C 128 128 7 1 1 1 3 0 1
C 896 256 1 1 1 1 0 0 1
C 128 896 1 1 1 1 0 0 1
C 128 896 1 1 1 1 0 0 1
C 128 128 1 7 1 1 0 3 1
C 128 128 7 1 1 1 3 0 1
C 896 256 1 1 1 1 0 0 1
C 128 896 1 1 1 1 0 0 1
C 128 896 1 1 1 1 0 0 1
C 128 128 1 7 1 1 0 3 1
C 128 128 7 1 1 1 3 0 1
C 896 256 1 1 1 1 0 0 1
C 256 896 1 1 1 1 0 0 1
C 384 256 3 3 2 2 0 0 1
C 256 896 1 1 1 1 0 0 1
C 256 256 3 3 2 2 0 0 1
C 256 896 1 1 1 1 0 0 1
C 256 256 3 3 1 1 1 1 1
C 256 256 3 3 2 2 0 0 1
C 192 1792 1 1 1 1 0 0 1
C 192 1792 1 1 1 1 0 0 1
C 192 192 1 3 1 1 0 1 1
C 192 192 3 1 1 1 1 0 1
C 1792 384 1 1 1 1 0 0 1
C 192 1792 1 1 1 1 0 0 1
C 192 1792 1 1 1 1 0 0 1
C 192 192 1 3 1 1 0 1 1
C 192 192 3 1 1 1 1 0 1
C 1792 384 1 1 1 1 0 0 1
C 192 1792 1 1 1 1 0 0 1
C 192 1792 1 1 1 1 0 0 1
C 192 192 1 3 1 1 0 1 1
C 192 192 3 1 1 1 1 0 1
C 1792 384 1 1 1 1 0 0 1
C 192 1792 1 1 1 1 0 0 1
C 192 1792 1 1 1 1 0 0 1
C 192 192 1 3 1 1 0 1 1
C 192 192 3 1 1 1 1 0 1
C 1792 384 1 1 1 1 0 0 1
C 192 1792 1 1 1 1 0 0 1
C 192 1792 1 1 1 1 0 0 1
C 192 192 1 3 1 1 0 1 1
C 192 192 3 1 1 1 1 0 1
C 1792 384 1 1 1 1 0 0 1
C 192 1792 1 1 1 1 0 0 1
C 192 1792 1 1 1 1 0 0 1
C 192 192 1 3 1 1 0 1 1
C 192 192 3 1 1 1 1 0 1
C 1792 384 1 1 1 1 0 0 1
L 512 1792 1
